hard hit
-0.527881 -0.104002 -0.0684552 -0.0326262 0.00437806 0.0263348 -0.136733 -0.209058 -0.290312 -0.381492 
-0.544796 -0.115271 -0.0793469 -0.0431446 -0.00568322 0.0155135 -0.16887 -0.237733 -0.315729 -0.40011 
-0.540078 -0.0807517 -0.0460544 -0.0109948 0.0241823 0.0597156 -0.0673258 -0.225718 -0.302131 -0.380401 
-0.458848 0.00973185 0.0413443 0.0733688 0.104719 0.148008 0.099796 -0.0588789 -0.224704 -0.315241 
-0.366718 0.108119 0.136479 0.165216 0.193518 0.23029 0.19055 0.114547 -0.0515236 -0.225791 
-0.264995 0.217008 0.241884 0.267082 0.29206 0.322204 0.275118 0.214062 0.131142 -0.0434591 
-0.219771 0.27831 0.301329 0.324616 0.347925 0.372568 0.312987 0.248617 0.175851 0.0784265 
-0.583014 -0.264542 -0.245421 -0.22608 -0.206758 -0.185834 -0.242521 -0.303502 -0.373139 -0.452496 
-0.611785 -0.319576 -0.303469 -0.28716 -0.271031 -0.251113 -0.294786 -0.351558 -0.416391 -0.490273 
-0.638571 -0.37461 -0.361517 -0.348239 -0.335303 -0.316391 -0.343444 -0.396299 -0.456659 -0.525443 
-0.663509 -0.429644 -0.419566 -0.409319 -0.399575 -0.38167 -0.388744 -0.437953 -0.494148 -0.558186 
-0.686726 -0.484678 -0.477614 -0.470399 -0.463848 -0.446949 -0.43092 -0.476733 -0.529051 -0.589509 
-0.713603 -0.549726 -0.545327 -0.540814 -0.536881 -0.523959 -0.498207 -0.521716 -0.57113 -0.628685 
-0.758918 -0.634475 -0.632071 -0.629598 -0.627438 -0.620363 -0.603965 -0.603918 -0.630078 -0.683566 
-0.822671 -0.738257 -0.737219 -0.736149 -0.735216 -0.732089 -0.724935 -0.72334 -0.725082 -0.754152 

soft hit
-0.387567 0.0530473 0.0833799 0.114017 0.145095 0.171742 0.0955622 0.0228748 -0.072589 -0.196287 
-0.411342 0.0316264 0.0626722 0.0940177 0.125924 0.15167 0.053544 -0.0168309 -0.108794 -0.227474 
-0.434751 0.0116834 0.0433932 0.0753984 0.108075 0.132982 0.0121084 -0.055927 -0.144419 -0.258185 
-0.457733 -0.00688357 0.0254444 0.0580638 0.0914583 0.115583 -0.0286248 -0.0943086 -0.17937 -0.284825 
-0.458224 0.0177183 0.0491683 0.0809777 0.112639 0.148462 0.0486692 -0.0947477 -0.173475 -0.272159 
-0.393814 0.086544 0.115645 0.145146 0.173851 0.216207 0.183054 0.0352697 -0.120761 -0.220207 
-0.329404 0.153028 0.179935 0.207207 0.23401 0.269732 0.236196 0.165287 0.00519096 -0.165345 
-0.264995 0.217008 0.241884 0.267082 0.29206 0.322204 0.275118 0.214062 0.131142 -0.0434591 

stand
-0.761743 -0.257412 -0.216743 -0.175836 -0.132758 -0.119177 -0.481056 -0.514701 -0.546024 -0.577347 
-0.761743 -0.257412 -0.216743 -0.175836 -0.132758 -0.119177 -0.481056 -0.514701 -0.546024 -0.577347 
-0.761743 -0.257412 -0.216743 -0.175836 -0.132758 -0.119177 -0.481056 -0.514701 -0.546024 -0.577347 
-0.761743 -0.257412 -0.216743 -0.175836 -0.132758 -0.119177 -0.481056 -0.514701 -0.546024 -0.577347 
-0.761743 -0.257412 -0.216743 -0.175836 -0.132758 -0.119177 -0.481056 -0.514701 -0.546024 -0.577347 
-0.761743 -0.257412 -0.216743 -0.175836 -0.132758 -0.119177 -0.481056 -0.514701 -0.546024 -0.577347 
-0.761743 -0.257412 -0.216743 -0.175836 -0.132758 -0.119177 -0.481056 -0.514701 -0.546024 -0.577347 
-0.761743 -0.257412 -0.216743 -0.175836 -0.132758 -0.119177 -0.481056 -0.514701 -0.546024 -0.577347 
-0.761743 -0.257412 -0.216743 -0.175836 -0.132758 -0.119177 -0.481056 -0.514701 -0.546024 -0.577347 
-0.761743 -0.257412 -0.216743 -0.175836 -0.132758 -0.119177 -0.481056 -0.514701 -0.546024 -0.577347 
-0.761743 -0.257412 -0.216743 -0.175836 -0.132758 -0.119177 -0.481056 -0.514701 -0.546024 -0.577347 
-0.761743 -0.257412 -0.216743 -0.175836 -0.132758 -0.119177 -0.481056 -0.514701 -0.546024 -0.577347 
-0.637347 -0.122301 -0.0863198 -0.0498702 -0.0145372 0.0391223 -0.0920703 -0.393038 -0.432214 -0.47139 
-0.388553 0.14355 0.170456 0.197991 0.221904 0.300797 0.427012 0.109175 -0.204595 -0.259476 
-0.13976 0.400354 0.418789 0.437712 0.454275 0.507547 0.632281 0.611388 0.281913 -0.0475624 

Double hard
-1.52349 -0.514824 -0.433486 -0.351672 -0.265516 -0.238355 -0.962112 -1.0294 -1.09205 -1.15469 
-1.50505 -0.494798 -0.414154 -0.333001 -0.247993 -0.214891 -0.904455 -1.01137 -1.07518 -1.13899 
-1.38532 -0.365409 -0.289233 -0.21237 -0.134212 -0.0706777 -0.568452 -0.855902 -0.965643 -1.03701 
-1.16431 -0.130262 -0.0620799 0.00690907 0.0752236 0.157706 -0.134661 -0.428956 -0.725069 -0.848761 
-0.906424 0.136832 0.196169 0.256253 0.315787 0.387693 0.158928 0.0259153 -0.278336 -0.590728 
-0.622645 0.434015 0.483768 0.534165 0.58412 0.644407 0.445759 0.338085 0.193994 -0.128864 
-0.532198 0.55662 0.602658 0.649232 0.69585 0.745135 0.521497 0.407195 0.283412 0.114908 
-1.23219 -0.529085 -0.490843 -0.45216 -0.413517 -0.371668 -0.554163 -0.665737 -0.788944 -0.928432 
-1.26751 -0.639153 -0.606939 -0.574319 -0.542062 -0.502225 -0.631082 -0.73767 -0.856233 -0.991079 
-1.30282 -0.749221 -0.723035 -0.696479 -0.670606 -0.632783 -0.708001 -0.809602 -0.923523 -1.05373 
-1.33814 -0.859289 -0.839131 -0.818638 -0.799151 -0.76334 -0.78492 -0.881534 -0.990812 -1.11637 
-1.37345 -0.969357 -0.955227 -0.940798 -0.927695 -0.893898 -0.861839 -0.953466 -1.0581 -1.17902 
-1.42721 -1.09945 -1.09065 -1.08163 -1.07376 -1.04792 -0.996415 -1.04343 -1.14226 -1.25737 
-1.51784 -1.26895 -1.26414 -1.2592 -1.25488 -1.24073 -1.20793 -1.20784 -1.26016 -1.36713 
-1.64534 -1.47651 -1.47444 -1.4723 -1.47043 -1.46418 -1.44987 -1.44668 -1.45016 -1.5083 

Double soft
-1.07351 -0.0345211 0.0308065 0.096733 0.164066 0.21496 -0.208546 -0.342528 -0.486596 -0.646946 
-1.07351 -0.0345211 0.0308065 0.096733 0.164066 0.21496 -0.208546 -0.342528 -0.486596 -0.646946 
-1.07351 -0.0345211 0.0308065 0.096733 0.164066 0.21496 -0.208546 -0.342528 -0.486596 -0.646946 
-1.07351 -0.0345211 0.0308065 0.096733 0.164066 0.21496 -0.208546 -0.342528 -0.486596 -0.646946 
-1.0091 0.0354365 0.0983367 0.161955 0.225278 0.296924 -0.0071382 -0.279534 -0.427668 -0.592083 
-0.880284 0.173088 0.231289 0.290293 0.347702 0.432414 0.261631 -0.0194992 -0.309812 -0.482359 
-0.751464 0.306056 0.359871 0.414415 0.468019 0.539464 0.367915 0.240536 -0.0579086 -0.372635 
-0.622645 0.434015 0.483768 0.534165 0.58412 0.644407 0.445759 0.338085 0.193994 -0.128864 

Split
-0.532198 0.55662 0.602658 0.649232 0.69585 0.745135 0.521497 0.407195 0.283412 0.114908 
-1.03196 -0.0463569 0.0416909 0.130545 0.224637 0.298605 -0.0190502 -0.210975 -0.427415 -0.671882 
-1.06524 -0.0748192 0.0141785 0.104447 0.202524 0.275167 -0.0800436 -0.266904 -0.477524 -0.715962 
-1.11982 -0.126738 -0.0359828 0.0592511 0.159449 0.225102 -0.199555 -0.364611 -0.552987 -0.782503 
-1.19337 -0.228535 -0.139071 -0.0440247 0.0539128 0.11697 -0.332645 -0.50053 -0.685766 -0.881845 
-1.17774 -0.131594 -0.0351221 0.062191 0.162002 0.232978 -0.288332 -0.456214 -0.646754 -0.854381 
-1.157 -0.0484845 0.0450797 0.13965 0.234417 0.332147 -0.0323404 -0.411853 -0.600292 -0.79541 
-0.957887 0.153837 0.229322 0.305835 0.382745 0.494721 0.375289 -0.00611377 -0.405896 -0.633379 
-0.793451 0.277317 0.343232 0.409966 0.476315 0.553218 0.409394 0.277557 -0.0666591 -0.478663 
-1.26444 0.281596 0.407926 0.535487 0.664716 0.777315 0.340293 -0.0614728 -0.498934 -0.835269 

