1.33333 1.5 1.54736 1.54131 1.54105 1.53949 1.59649 1.58523 1.58771 1.57453 1.52309 1.56174 -2.14748e+09 -2.14748e+09 -2.14748e+09 -2.14748e+09 -2.14748e+09 -2.14748e+09 -2.14748e+09 -2.14748e+09 -2.14748e+09 -2.14748e+09 
-2.14748e+09 -2.14748e+09 -2.14748e+09 -2.14748e+09 -2.14748e+09 -2.14748e+09 -2.14748e+09 -2.14748e+09 -2.14748e+09 -2.14748e+09 -2.14748e+09 -2.14748e+09 -2.14748e+09 -2.14748e+09 -2.14748e+09 -2.14748e+09 -2.14748e+09 -2.14748e+09 -2.14748e+09 -2.14748e+09 -2.14748e+09 -2.14748e+09 
-0.0423517 0.833819 0.049103 0.0430616 0.0428534 0.0413254 0.0988744 0.0869511 0.0891223 0.0768308 0.0247257 0.0629718 -2.14748e+09 -2.14748e+09 -2.14748e+09 -2.14748e+09 -2.14748e+09 -2.14748e+09 -2.14748e+09 -2.14748e+09 -2.14748e+09 -2.14748e+09 
-0.039006 0.844002 0.0521177 0.0460635 0.0458641 0.0443369 0.102132 0.0899791 0.0922258 0.0800496 0.027555 0.0660151 -2.14748e+09 -2.14748e+09 -2.14748e+09 -2.14748e+09 -2.14748e+09 -2.14748e+09 -2.14748e+09 -2.14748e+09 -2.14748e+09 -2.14748e+09 
-0.0459364 0.852904 0.0459405 0.0399368 0.0397464 0.0382351 0.0956458 0.0834331 0.0857179 0.0737567 0.0214746 0.0597221 -2.14748e+09 -2.14748e+09 -2.14748e+09 -2.14748e+09 -2.14748e+09 -2.14748e+09 -2.14748e+09 -2.14748e+09 -2.14748e+09 -2.14748e+09 
-0.0611264 0.860747 0.0323984 0.026496 0.0263151 0.0248319 0.0813552 0.0692112 0.0715091 0.0598442 0.00825234 0.0459492 -2.14748e+09 -2.14748e+09 -2.14748e+09 -2.14748e+09 -2.14748e+09 -2.14748e+09 -2.14748e+09 -2.14748e+09 -2.14748e+09 -2.14748e+09 
-0.0827211 0.867876 0.0131817 0.00741764 0.00724395 0.00579701 0.0610224 0.0491278 0.0513622 0.0400294 -0.0104237 0.0263982 -2.14748e+09 -2.14748e+09 -2.14748e+09 -2.14748e+09 -2.14748e+09 -2.14748e+09 -2.14748e+09 -2.14748e+09 -2.14748e+09 -2.14748e+09 
-0.111086 0.872974 -0.0120589 -0.0176153 -0.0177654 -0.0191554 0.0344182 0.0222474 0.0249166 0.0141893 -0.0353596 0.00091987 -2.14748e+09 -2.14748e+09 -2.14748e+09 -2.14748e+09 -2.14748e+09 -2.14748e+09 -2.14748e+09 -2.14748e+09 -2.14748e+09 -2.14748e+09 
-0.121851 0.890801 -0.0220951 -0.0278822 -0.0281163 -0.0295673 0.0247351 0.0167568 0.0146833 0.00254844 -0.0414418 -0.0115434 -2.14748e+09 -2.14748e+09 -2.14748e+09 -2.14748e+09 -2.14748e+09 -2.14748e+09 -2.14748e+09 -2.14748e+09 -2.14748e+09 -2.14748e+09 
-0.0981392 0.939881 -0.000964023 -0.00696999 -0.00695685 -0.00838941 0.0517238 0.0343871 0.0409349 0.027392 -0.0263353 0.0120679 -2.14748e+09 -2.14748e+09 -2.14748e+09 -2.14748e+09 -2.14748e+09 -2.14748e+09 -2.14748e+09 -2.14748e+09 -2.14748e+09 -2.14748e+09 
-0.0431306 0.975089 0.0584823 0.0525786 0.0526535 0.0513159 0.110867 0.0965228 0.0953042 0.0890572 0.0343148 0.0688819 -2.14748e+09 -2.14748e+09 -2.14748e+09 -2.14748e+09 -2.14748e+09 -2.14748e+09 -2.14748e+09 -2.14748e+09 -2.14748e+09 -2.14748e+09 
-0.0595805 0.988819 0.023867 0.0173417 0.0172861 0.0157284 0.0799706 0.0652268 0.0676421 0.0523548 0.000756688 0.0352824 -2.14748e+09 -2.14748e+09 -2.14748e+09 -2.14748e+09 -2.14748e+09 -2.14748e+09 -2.14748e+09 -2.14748e+09 -2.14748e+09 -2.14748e+09 
0.0163945 0.979447 0.107045 0.100805 0.100608 0.0990298 0.158689 0.145392 0.148518 0.136847 0.0801647 0.122352 -2.14748e+09 -2.14748e+09 -2.14748e+09 -2.14748e+09 -2.14748e+09 -2.14748e+09 -2.14748e+09 -2.14748e+09 -2.14748e+09 -2.14748e+09 
-0.0853001 0.981331 0.017013 0.0113986 0.01122 0.00979977 0.0634645 0.0515197 0.0543329 0.0438271 -0.00717662 0.0307956 -2.14748e+09 -2.14748e+09 -2.14748e+09 -2.14748e+09 -2.14748e+09 -2.14748e+09 -2.14748e+09 -2.14748e+09 -2.14748e+09 -2.14748e+09 
-0.17677 0.983043 -0.0638379 -0.0688908 -0.0690516 -0.0703297 -0.022042 -0.0327818 -0.0302499 -0.0397052 -0.0856085 -0.0514335 -2.14748e+09 -2.14748e+09 -2.14748e+09 -2.14748e+09 -2.14748e+09 -2.14748e+09 -2.14748e+09 -2.14748e+09 -2.14748e+09 -2.14748e+09 
-0.259589 0.984597 -0.136831 -0.14137 -0.141521 -0.142672 -0.0993772 -0.108936 -0.106654 -0.115186 -0.156404 -0.125616 -2.14748e+09 -2.14748e+09 -2.14748e+09 -2.14748e+09 -2.14748e+09 -2.14748e+09 -2.14748e+09 -2.14748e+09 -2.14748e+09 -2.14748e+09 
-0.329165 0.98601 -0.198877 -0.203041 -0.203123 -0.204151 -0.163802 -0.173276 -0.171251 -0.178725 -0.216682 -0.189247 -2.14748e+09 -2.14748e+09 -2.14748e+09 -2.14748e+09 -2.14748e+09 -2.14748e+09 -2.14748e+09 -2.14748e+09 -2.14748e+09 -2.14748e+09 
-0.4409 0.987282 -0.289603 -0.292557 -0.293166 -0.29418 -0.272636 -0.271509 -0.269406 -0.278183 -0.303725 -0.276291 -2.14748e+09 -2.14748e+09 -2.14748e+09 -2.14748e+09 -2.14748e+09 -2.14748e+09 -2.14748e+09 -2.14748e+09 -2.14748e+09 -2.14748e+09 
-0.599095 0.988554 -0.423416 -0.425001 -0.425518 -0.426198 -0.41677 -0.417021 -0.41063 -0.415547 -0.43723 -0.409795 -2.14748e+09 -2.14748e+09 -2.14748e+09 -2.14748e+09 -2.14748e+09 -2.14748e+09 -2.14748e+09 -2.14748e+09 -2.14748e+09 -2.14748e+09 
-0.790034 0.988554 -0.594396 -0.594804 -0.594967 -0.595163 -0.593084 -0.59314 -0.592083 -0.58976 -0.601154 -0.588809 -2.14748e+09 -2.14748e+09 -2.14748e+09 -2.14748e+09 -2.14748e+09 -2.14748e+09 -2.14748e+09 -2.14748e+09 -2.14748e+09 -2.14748e+09 
-1 1 -0.777778 -0.777778 -0.777778 -0.777778 -0.777778 -0.777778 -0.777778 -0.777778 -0.777778 -0.777778 -2.14748e+09 -2.14748e+09 -2.14748e+09 -2.14748e+09 -2.14748e+09 -2.14748e+09 -2.14748e+09 -2.14748e+09 -2.14748e+09 -2.14748e+09 
-1 -1 -1 -1 -1 -1 -1 -1 -1 -1 -1 -1 -2.14748e+09 -2.14748e+09 -2.14748e+09 -2.14748e+09 -2.14748e+09 -2.14748e+09 -2.14748e+09 -2.14748e+09 -2.14748e+09 -2.14748e+09 



0 0 0 0 0 0 0 0 0 0 0 0 -2.14748e+09 -2.14748e+09 -2.14748e+09 -2.14748e+09 -2.14748e+09 -2.14748e+09 -2.14748e+09 -2.14748e+09 -2.14748e+09 -2.14748e+09 
0 0 0 0 0 0 0 0 0 0 0 0 -2.14748e+09 -2.14748e+09 -2.14748e+09 -2.14748e+09 -2.14748e+09 -2.14748e+09 -2.14748e+09 -2.14748e+09 -2.14748e+09 -2.14748e+09 
-1.31891 -1.83808 -1.28851 -1.29358 -1.26541 -1.20304 -1.18851 -1.08347 -1.16755 -1.24323 -1.31891 -1.31891 -2.14748e+09 -2.14748e+09 -2.14748e+09 -2.14748e+09 -2.14748e+09 -2.14748e+09 -2.14748e+09 -2.14748e+09 -2.14748e+09 -2.14748e+09 
-1.31891 -1.83808 -1.28851 -1.29358 -1.26541 -1.20304 -1.18851 -1.08347 -1.16755 -1.24323 -1.31891 -1.31891 -2.14748e+09 -2.14748e+09 -2.14748e+09 -2.14748e+09 -2.14748e+09 -2.14748e+09 -2.14748e+09 -2.14748e+09 -2.14748e+09 -2.14748e+09 
-1.31891 -1.83808 -1.28851 -1.29358 -1.26541 -1.20304 -1.18851 -1.08347 -1.16755 -1.24323 -1.31891 -1.31891 -2.14748e+09 -2.14748e+09 -2.14748e+09 -2.14748e+09 -2.14748e+09 -2.14748e+09 -2.14748e+09 -2.14748e+09 -2.14748e+09 -2.14748e+09 
-1.31891 -1.83808 -1.28851 -1.29358 -1.26541 -1.20304 -1.18851 -1.08347 -1.16755 -1.24323 -1.31891 -1.31891 -2.14748e+09 -2.14748e+09 -2.14748e+09 -2.14748e+09 -2.14748e+09 -2.14748e+09 -2.14748e+09 -2.14748e+09 -2.14748e+09 -2.14748e+09 
-1.27709 -1.79049 -1.24448 -1.25021 -1.22276 -1.16372 -1.1293 -1.05189 -1.11645 -1.19677 -1.27709 -1.27709 -2.14748e+09 -2.14748e+09 -2.14748e+09 -2.14748e+09 -2.14748e+09 -2.14748e+09 -2.14748e+09 -2.14748e+09 -2.14748e+09 -2.14748e+09 
-1.19346 -1.69532 -1.15981 -1.1665 -1.14051 -1.08509 -1.03833 -0.964043 -1.03892 -1.10385 -1.19346 -1.19346 -2.14748e+09 -2.14748e+09 -2.14748e+09 -2.14748e+09 -2.14748e+09 -2.14748e+09 -2.14748e+09 -2.14748e+09 -2.14748e+09 -2.14748e+09 
-1.06802 -1.55257 -1.03823 -1.04585 -1.02171 -0.970195 -0.915582 -0.847361 -0.910294 -0.989156 -1.06802 -1.06802 -2.14748e+09 -2.14748e+09 -2.14748e+09 -2.14748e+09 -2.14748e+09 -2.14748e+09 -2.14748e+09 -2.14748e+09 -2.14748e+09 -2.14748e+09 
-0.883635 -1.31466 -0.839801 -0.848614 -0.827085 -0.782765 -0.704912 -0.670265 -0.706884 -0.781542 -0.883635 -0.858943 -2.14748e+09 -2.14748e+09 -2.14748e+09 -2.14748e+09 -2.14748e+09 -2.14748e+09 -2.14748e+09 -2.14748e+09 -2.14748e+09 -2.14748e+09 
-0.640312 -1.00626 -0.572437 -0.581932 -0.563422 -0.526188 -0.436798 -0.411113 -0.453385 -0.50844 -0.615621 -0.590929 -2.14748e+09 -2.14748e+09 -2.14748e+09 -2.14748e+09 -2.14748e+09 -2.14748e+09 -2.14748e+09 -2.14748e+09 -2.14748e+09 -2.14748e+09 
-0.750236 -1.09473 -0.712602 -0.722752 -0.70765 -0.67779 -0.581359 -0.567571 -0.593224 -0.658013 -0.750236 -0.725545 -2.14748e+09 -2.14748e+09 -2.14748e+09 -2.14748e+09 -2.14748e+09 -2.14748e+09 -2.14748e+09 -2.14748e+09 -2.14748e+09 -2.14748e+09 
-0.447975 -0.691169 -0.375509 -0.385912 -0.374267 -0.351728 -0.252754 -0.25075 -0.264946 -0.31668 -0.423284 -0.373901 -2.14748e+09 -2.14748e+09 -2.14748e+09 -2.14748e+09 -2.14748e+09 -2.14748e+09 -2.14748e+09 -2.14748e+09 -2.14748e+09 -2.14748e+09 
-0.523652 -0.709161 -0.454564 -0.464403 -0.455887 -0.440279 -0.342919 -0.352587 -0.35744 -0.400765 -0.49896 -0.449578 -2.14748e+09 -2.14748e+09 -2.14748e+09 -2.14748e+09 -2.14748e+09 -2.14748e+09 -2.14748e+09 -2.14748e+09 -2.14748e+09 -2.14748e+09 
-0.599329 -0.727153 -0.533619 -0.542894 -0.537508 -0.528831 -0.433085 -0.454423 -0.449934 -0.484851 -0.574637 -0.525254 -2.14748e+09 -2.14748e+09 -2.14748e+09 -2.14748e+09 -2.14748e+09 -2.14748e+09 -2.14748e+09 -2.14748e+09 -2.14748e+09 -2.14748e+09 
-0.675005 -0.745144 -0.612673 -0.621384 -0.619129 -0.617382 -0.523251 -0.55626 -0.542428 -0.568936 -0.650314 -0.600931 -2.14748e+09 -2.14748e+09 -2.14748e+09 -2.14748e+09 -2.14748e+09 -2.14748e+09 -2.14748e+09 -2.14748e+09 -2.14748e+09 -2.14748e+09 
-0.792497 -0.810719 -0.735756 -0.743252 -0.7434 -0.745249 -0.672622 -0.689675 -0.686029 -0.699483 -0.767806 -0.718423 -2.14748e+09 -2.14748e+09 -2.14748e+09 -2.14748e+09 -2.14748e+09 -2.14748e+09 -2.14748e+09 -2.14748e+09 -2.14748e+09 -2.14748e+09 
-0.993619 -0.971462 -0.943508 -0.948825 -0.949922 -0.951745 -0.912967 -0.910938 -0.907153 -0.922951 -0.968928 -0.919545 -2.14748e+09 -2.14748e+09 -2.14748e+09 -2.14748e+09 -2.14748e+09 -2.14748e+09 -2.14748e+09 -2.14748e+09 -2.14748e+09 -2.14748e+09 
-1.27837 -1.22737 -1.22882 -1.23167 -1.2326 -1.23382 -1.21685 -1.21731 -1.2058 -1.21465 -1.25368 -1.2043 -2.14748e+09 -2.14748e+09 -2.14748e+09 -2.14748e+09 -2.14748e+09 -2.14748e+09 -2.14748e+09 -2.14748e+09 -2.14748e+09 -2.14748e+09 
-1.62206 -1.57845 -1.58385 -1.58467 -1.585 -1.58539 -1.58123 -1.58134 -1.57923 -1.57458 -1.59737 -1.57268 -2.14748e+09 -2.14748e+09 -2.14748e+09 -2.14748e+09 -2.14748e+09 -2.14748e+09 -2.14748e+09 -2.14748e+09 -2.14748e+09 -2.14748e+09 
-2 -2 -2 -2 -2 -2 -2 -2 -2 -2 -2 -2 -2.14748e+09 -2.14748e+09 -2.14748e+09 -2.14748e+09 -2.14748e+09 -2.14748e+09 -2.14748e+09 -2.14748e+09 -2.14748e+09 -2.14748e+09 
-2 -2 -2 -2 -2 -2 -2 -2 -2 -2 -2 -2 -2 -2 -2 -2 -2 -2 -2 -2 -2 -2 



0.5 -0.919038 1.5 1.5 1.5 1.5 1.5 1.5 1.5 1.5 1.5 1.5 1.5 1.5 1.5 1.5 1.5 -1 -1 -1 -1 -1 
-0.659454 -0.919038 -0.644254 -0.646792 -0.632707 -0.601518 -0.594253 -0.541735 -0.583777 -0.621616 -0.659454 -0.659454 -0.693509 -0.524158 -0.371742 -0.234568 -0.111111 -1 -1 -1 -1 -1 
-0.659454 -0.919038 -0.644254 -0.646792 -0.632707 -0.601518 -0.594253 -0.541735 -0.583777 -0.621616 -0.659454 -0.659454 -0.693509 -0.524158 -0.371742 -0.234568 -0.111111 -1 -1 -1 -1 -1 
-0.659454 -0.919038 -0.644254 -0.646792 -0.632707 -0.601518 -0.594253 -0.541735 -0.583777 -0.621616 -0.659454 -0.659454 -0.693509 -0.524158 -0.371742 -0.234568 -0.111111 -1 -1 -1 -1 -1 
-0.659454 -0.919038 -0.644254 -0.646792 -0.632707 -0.601518 -0.594253 -0.541735 -0.583777 -0.621616 -0.659454 -0.659454 -0.693509 -0.524158 -0.371742 -0.234568 -0.111111 -1 -1 -1 -1 -1 
-0.659454 -0.919038 -0.644254 -0.646792 -0.632707 -0.601518 -0.594253 -0.541735 -0.583777 -0.621616 -0.659454 -0.659454 -0.693509 -0.524158 -0.371742 -0.234568 -0.111111 -1 -1 -1 -1 -1 
-0.659454 -0.919038 -0.644254 -0.646792 -0.632707 -0.601518 -0.594253 -0.541735 -0.583777 -0.621616 -0.659454 -0.659454 -0.693509 -0.524158 -0.371742 -0.234568 -0.111111 -1 -1 -1 -1 -1 
-0.659454 -0.919038 -0.644254 -0.646792 -0.632707 -0.601518 -0.594253 -0.541735 -0.583777 -0.621616 -0.659454 -0.659454 -0.693509 -0.524158 -0.371742 -0.234568 -0.111111 -1 -1 -1 -1 -1 
-0.659454 -0.919038 -0.644254 -0.646792 -0.632707 -0.601518 -0.594253 -0.541735 -0.583777 -0.621616 -0.659454 -0.659454 -0.693509 -0.524158 -0.371742 -0.234568 -0.111111 -1 -1 -1 -1 -1 
-0.659454 -0.919038 -0.644254 -0.646792 -0.632707 -0.601518 -0.594253 -0.541735 -0.583777 -0.621616 -0.659454 -0.659454 -0.693509 -0.524158 -0.371742 -0.234568 -0.111111 -1 -1 -1 -1 -1 
-0.659454 -0.919038 -0.644254 -0.646792 -0.632707 -0.601518 -0.594253 -0.541735 -0.583777 -0.621616 -0.659454 -0.659454 -0.693509 -0.524158 -0.371742 -0.234568 -0.111111 -1 -1 -1 -1 -1 
-0.659454 -0.919038 -0.644254 -0.646792 -0.632707 -0.601518 -0.594253 -0.541735 -0.583777 -0.621616 -0.659454 -0.659454 -0.693509 -0.524158 -0.371742 -0.234568 -0.111111 -1 -1 -1 -1 -1 
-0.659454 -0.919038 -0.644254 -0.646792 -0.632707 -0.601518 -0.594253 -0.541735 -0.583777 -0.621616 -0.659454 -0.659454 -0.693509 -0.524158 -0.371742 -0.234568 -0.111111 -1 -1 -1 -1 -1 
-0.659454 -0.919038 -0.644254 -0.646792 -0.632707 -0.601518 -0.594253 -0.541735 -0.583777 -0.621616 -0.659454 -0.659454 -0.693509 -0.524158 -0.371742 -0.234568 -0.111111 -1 -1 -1 -1 -1 
-0.659454 -0.919038 -0.644254 -0.646792 -0.632707 -0.601518 -0.594253 -0.541735 -0.583777 -0.621616 -0.659454 -0.659454 -0.693509 -0.524158 -0.371742 -0.234568 -0.111111 -1 -1 -1 -1 -1 
-0.659454 -0.919038 -0.644254 -0.646792 -0.632707 -0.601518 -0.594253 -0.541735 -0.583777 -0.621616 -0.659454 -0.659454 -0.693509 -0.524158 -0.371742 -0.234568 -0.111111 -1 -1 -1 -1 -1 
-0.659454 -0.919038 -0.644254 -0.646792 -0.632707 -0.601518 -0.594253 -0.541735 -0.583777 -0.621616 -0.659454 -0.659454 -0.693509 -0.524158 -0.371742 -0.234568 -0.111111 -1 -1 -1 -1 -1 
-0.471287 -0.704912 -0.446128 -0.451596 -0.440782 -0.424601 -0.327832 -0.399633 -0.353795 -0.412541 -0.471287 -0.471287 -0.524158 -0.371742 -0.234568 -0.111111 -1.49012e-08 0 -1 -1 -1 -1 
-0.0949513 -0.27666 -0.0651169 -0.0749206 -0.0706495 -0.0707656 0.0815537 -0.00431715 -0.00494045 0.00560969 -0.0949513 -0.0949513 -0.185456 -0.0669105 0.0397805 0.135802 0.222222 1 0 -1 -1 -1 
0.281384 0.151592 0.283887 0.272795 0.272048 0.269352 0.367482 0.378653 0.343914 0.312649 0.281384 0.281384 0.153246 0.237921 0.314129 0.382716 0.444444 1 1 0 -1 -1 
0.546608 0.579844 0.597665 0.588504 0.585786 0.582035 0.639694 0.638165 0.680422 0.619688 0.546608 0.657719 0.491947 0.542753 0.588477 0.62963 0.666667 1 1 1 0 -1 
0.700721 0.896985 0.872662 0.868988 0.867517 0.865759 0.88447 0.883961 0.893474 0.914382 0.811832 0.922943 0.830649 0.847584 0.862826 0.876543 0.888889 1 1 1 1 0 



